681478923670
279678075175
347907668315
532817786441
805884540530
589000857039
357206915974
103238059628
030545622590
207095295113
991421344686
691145630683
239465253561
325877763631
376771148745
352517210124
418616554234
752146739618
637060449823
369450128538
858449563448
155893857273
996528117942
965718903157
218982389205
909297028104
763682203117
060782331673
563585192724
261670427306
840321464714
102900219198
227584518836
189328852140
552312575788
928609101816
576143060992
408888083323
294651260565
226510124510
462638273453
911307413781
237806380230
620036714094
093514310530
250651014561
936905229592
426914334768
438321523905
384137332966
167197968958
075362102427
561162716582
951051754385
250151518581
180708572160
096184959374
048283796580
837458617884
484860656685
534773488234
888146476567
568947438276
047429033205
625698341428
336011482297
492552558509