476284312162
598317125595
418283975579
720554209664
014062859563
379349407152
056565036376
790621090782
262414482865
842035717814
071452728522
196924470978
754983788746
593252379592
022857900940
799864440150
818812084129
620811036713
880922524879
581278965740
441542687006
182059951706
056250691575
265851532675
334211205403
015778496532
156218394794
344265687674
082539085940
066798987304
250648476916
819023343965
280643383925
979336601774
198066941196
335505060534
166182293370
557443459209
436404864798
273382411398
229032218996
603677706817
771225774793
593020578623
170564719318
676332344358
826939776299
097993516829
715158431578
383847364073
807033911904
